#	Contig Length	Number of Contigs in this Category
7400	1
7100	1
5800	2
5600	1
5200	2
4700	2
4400	2
4200	3
4100	2
4000	2
3900	2
3800	2
3700	1
3600	4
3500	1
3400	2
3300	4
3200	6
3100	6
3000	2
2900	1
2800	5
2700	3
2600	8
2500	13
2400	10
2300	6
2200	15
2100	12
2000	7
1900	15
1800	11
1700	18
1600	17
1500	30
1400	26
1300	30
1200	36
1100	39
1000	45
900	66
800	89
700	96
600	108
500	142
400	177
300	264
200	441
100	1519
0	2063
assembly Length 1794386
Mean Contig 334.77350746268655
max Contig 7451
Number of Contigs 5360
Mean Depth 56.34621931415566
N50 797
