#	Contig Length	Number of Contigs in this Category
5200	1
5000	1
4700	2
4600	2
4500	1
4400	2
4300	2
3900	4
3800	3
3600	3
3500	1
3400	2
3300	4
3200	5
3100	3
3000	5
2900	3
2800	5
2700	6
2600	7
2500	16
2400	4
2300	11
2200	7
2100	17
2000	8
1900	24
1800	17
1700	21
1600	24
1500	24
1400	32
1300	43
1200	48
1100	60
1000	58
900	57
800	76
700	105
600	104
500	131
400	182
300	248
200	377
100	583
0	887
assembly Length 1613882
Mean Contig 500.27340359578426
max Contig 5237
Number of Contigs 3226
Mean Depth 56.74908720018579
N50 1059
