#	Contig Length	Number of Contigs in this Category
7200	1
7100	1
6300	1
6200	1
5400	1
5200	1
4800	1
4700	1
4500	1
4400	2
4300	1
4200	2
4100	1
3900	1
3800	1
3600	2
3500	1
3400	2
3300	2
3200	3
3100	2
2900	2
2800	4
2700	1
2600	2
2500	4
2400	3
2300	3
2200	1
2100	9
2000	2
1900	2
1800	6
1700	7
1600	4
1500	4
1400	8
1300	6
1200	13
1100	9
1000	7
900	7
800	16
700	15
600	15
500	20
400	31
300	32
200	42
100	91
0	23
assembly Length 398983
Mean Contig 954.5047846889952
max Contig 7268
Number of Contigs 418
Mean Depth 165.74164427756617
N50 2044
